0.0022132017103504214
0.019769159948875
0.05409264394982686
0.10365277739116169
0.1662650074927423
0.23921648433793208
0.3194194124950674
0.40358193643794377
0.48838512877604745
0.5706545285229074
0.647515417172066
0.71652254401388
0.77575717702477
0.8238869707528245
0.8601869853261749
0.8845230268941263
0.8973010843103489
0.8993888126089145
0.8920166078647082
0.8766667331143199
0.8549591557349033
0.8285422698411359
0.7989955866242298
0.7677499116490759
0.736028654263509
0.7048119102546592
0.6748230039715638
0.6465354329486155
0.620196758908729
0.595865025743636
0.5734528032948069
0.5527739538359853
0.5335886506051724
0.5156429626588985
0.49870034985487627
0.48256356431435327
0.4670866077138577
0.4521774356735295
0.4377929409028605
0.42392832354491145
0.41060324049415614
0.39784711814346274
0.3856857474811372
0.37413081299723117
0.36317340976951945
0.35278195577281823
0.3429042863603328
0.3334731924136297
0.32441428373502845
0.3156548550059946
0.30713241079260173
0.29880165486689064
0.29063903543401853
0.2826443162832947
0.2748390617862012
0.2672623277233511
0.259964192271169
0.25299800484352875
0.24641235177625465
0.2402437299168636
0.2345107906557047
0.22921079021361632
0.22431858983464473
0.21978823057265703
0.21555680129156063
0.2115500613123632
0.20768909909800307
0.20389722307385738
0.20010629555465975
0.19626182898454808
0.1923263476757398
0.1882807521171912
0.1841236761132858
0.17986906798214536
0.17554242714465215
0.17117626418289608
0.16680541194691426
0.1624627935573101
0.15817615621292241
0.1539661225124265
0.14984571530205376
0.14582130362065493
0.14189472265656822
0.13806616386272133
0.1343373313595106
0.13071432898948332
0.12720978181473153
0.12384380068711341
0.12064355513514183
0.11764140846439197
0.11487176626062011
0.1123669711586158
0.11015272053143453
0.10824357196356392
0.1066391228612285
0.10532140196847399
0.10425389663944631
0.10338247269513
0.10263824184625475
0.1019422172275168
0.10121139424667948
0.10036572421287689
0.09933533094088202
0.09806726893753766
0.09653114202468532
0.09472299186081441
0.09266701790545961
0.09041488865395791
0.08804262847822038
0.08564529260546272
0.08332985192939696
0.08120687891247426
0.07938173946317373
0.0779460428255317
0.07697007841760117
0.0764968784004737
0.07653839723956457
0.07707410967942144
0.07805211514817068
0.07939262014008011
0.08099347076907579
0.08273724332175814
0.08449928518498483
0.08615604073545159
0.08759299960607705
0.08871166529219932
0.08943505213589699
0.08971136587892992
0.08951569191098237
0.08884968954821103
0.08773945408604772
0.08623184687480473
0.08438969637466819
0.08228633323510076
0.07999993756114449
0.07760814873026875
0.07518332337036257
0.0727887344169818
0.07047589450206561
0.06828307198371461
0.06623495892734296
0.06434335696401593
0.06260867646873981
0.06102200129083703
0.05956745659227947
0.05822462950143568
0.056970827028461006
0.055783006901318474
0.05463927748447597
0.05351992532909942
0.05240798634470697
0.051289423497091646
0.05015300647520976
0.04899000506449945
0.04779380815248444
0.046559566312852914
0.04528393112496058
0.0439649330594976
0.04260200651966157
0.041196139884161966
0.03975010387069476
0.03826869587567605
0.03675893250934008
0.03523012735052522
0.03369380476271735
0.0321634212013909
0.030653889883498396
0.029180929772724472
0.027760282449740402
0.02640685793152939
0.025133880958123887
0.02395211166921623
0.022869208909170963
0.021889291508207686
0.021012734437441723