2.1008868599709185
2.0953781207152224
2.077043297545273
2.0586883788632133
2.031120452671448
1.9830548439744138
1.974335613279387
1.8989873911437671
1.848439062462785
1.7875085852631596
1.7039957641491597
1.630381517531931
1.5703340050017789
1.505668411712081
1.4172783961222923
1.3458518850611665
1.276205373509237
1.16843623523255
1.0961596038586114
1.0303910229805409
0.9319762996177492
0.856049166172408
0.7984666495103324
0.6943471916731064
0.6276701113520996
0.5581009029992671
0.4925105135097564
0.42146080300651556
0.35064517543384
0.3052248868536328
0.2638615611591848
0.23233711742565927
0.16511095246771984
0.11946136739379414
0.10776472296690823
0.0846799676382902
0.049871435894221244
0.030865487814599003
0.023444588411319994
0.022161545169974255
0.006683435868779212
-0.007834274032893692
-0.006007140823049962
0.00925304024045078
0.015791417550783247
0.016385507088587135
0.04366372248075986
0.038046871984287065
0.040038297432560876
0.06708853072450915
0.06366428191131304
0.0850947346536744
0.11819370403834425
0.1392376640630359
0.15896767240307821
0.16256276280672638
0.16696638509479722
0.19357685361624635
0.19367008603112862
0.19734292951191426
0.2176476515145899
0.21799423488036773
0.2032465493135925
0.23230367219582465
0.2341066685699769
0.2243465424843131
0.22216122217500614
0.2291792898461167
0.2222022784506991
0.2181011470332596
0.20379416089407867
0.18390261445817888
0.18076707426332594
0.18458204643277643
0.17782243880490026
0.15238090236072158
0.1376074137810914
0.1251318873880539
0.11352826306065446
0.10921050330876454
0.08498751591869529
0.08085363945655585
0.07943152617278022
0.04682650979491263
0.05294229884214146
0.03237055452693477
0.03981075170497831
0.013497521206910505
0.01799572618836756
0.02135050367307808
0.016095801612691186
0.006931937144931125
0.0036382517692458596
-0.007570577692945627
-0.0001489408406465136
0.001948705171183195
0.006557761336213408
0.005657391400091777
0.003625079909966428
0.005408356084612498
0.0071461780789364125
0.001985047383031759
0.01984943631311476
0.009882124070958023
0.02506328742492226
0.016982887231117447
0.029680487016282873
0.02750060958168363
0.027699669670306317
0.04285551445970826
0.03752384876183723
0.030894731160286012
0.042953945243678696
0.045088847001562835
0.047929409561481694
0.049666402358636404
0.044541811095504785
0.053394571455175566
0.050082132751056725
0.04555735287908049
0.04599062758567641
0.0484540164326546
0.053587657328526335
0.044373109017878526
0.042611078831839795
0.042081995383405804
0.04391927299707306
0.04165695444575243
0.04106235746187423
0.03745532633157803
0.023932969898718633
0.03192997575753275
0.026067584397004635
0.022554262418251373
0.02258427343147205
0.021287333152393003
0.0167510569204077
0.01526655808502762
0.006630344717227526
0.01471305040026135
0.008324938992976236
0.004675628974712676
0.004590948181391927
0.006584195896664183
0.006920364863079229
0.0028980896998727053
0.001123732695317347
0.0022045185274807114
0.0007264212432076324
-0.0010481482804592633
0.00003933922791109023
0.0013919607792392068
0.0018105896665999873
0.000999399550237869
0.0007372315566950171
0.00016105650052603842
0.007846718891251063
0.00123427286915321
0.003070530195111193
0.004794774353470241
0.005018288547091751
0.006627698909203429
0.006403162646071252
0.007546337413175467
0.005417385241347209
0.008785432361172563
0.008002001292773961
0.006330199693717161
0.008927502595108466
0.009971631165064308
0.008044675219548164
0.008796669845072113
0.010285679447733571
0.008644003816633317
0.008116244766005391