0.0016625895100651179
0.014870442537786386
0.04079590497301097
0.0784823051000102
0.12655278153962957
0.18327625156369445
0.24664929362243226
0.3144892562886298
0.38453333900328457
0.4545381615342033
0.5223744580795332
0.5861119833884337
0.6440904643104183
0.694973413405632
0.7377827691913661
0.7719135583547728
0.7971290036405058
0.8135376449327897
0.8215550269846406
0.8218532759269536
0.815302396530271
0.8029073517787674
0.7857449351888438
0.7649041341146031
0.7414331464521127
0.7162955052714363
0.6903369471816876
0.6642637964170426
0.638632792797857
0.6138515273639321
0.5901880142694541
0.5677874580676978
0.5466939932622771
0.5268750835439329
0.5082463617286973
0.4906949447582917
0.4740996370913732
0.45834689892495667
0.4433419579644231
0.4290149403507959
0.41532234735225915
0.40224457615764964
0.3897804516054716
0.37793988772647286
0.36673583144763117
0.3561765640423217
0.34625926623272557
0.33696551438016237
0.328259096244556
0.3200862450298974
0.31237811814382216
0.305055116732342
0.29803247226340757
0.29122642879518745
0.2845603279835202
0.27796995476323366
0.27140761472221403
0.2648445739564433
0.2582716796715076
0.25169817456244736
0.24514890023025251
0.23866023719807922
0.2322752380597174
0.22603846754087087
0.21999106594592277
0.21416650328401474
0.20858739796502104
0.20326364793371338
0.19819197770134866
0.19335685727919785
0.188732613416916
0.1842864428213754
0.1799819611344214
0.17578288643340653
0.17165646361135986
0.16757628360528076
0.16352423259877005
0.15949141146228124
0.15547798320826686
0.1514920237065251
0.1475475563338874
0.14366203422208093
0.13985358648051607
0.13613836262058296
0.1325282914119599
0.12902951917400046
0.12564171390568762
0.1223583241355299
0.11916777508385462
0.11605548051239797
0.11300645694888992
0.11000825689846867
0.10705389604909353
0.10414444037010498
0.10129094325106387
0.09851547809796281
0.09585109284041242
0.09334061196750625
0.0910343197263851
0.08898666495673
0.0872522238459698
0.08588123289925254
0.08491505370656588
0.08438194918998028
0.08429353627384757
0.08464223360308099
0.08539994905838277
0.08651815675642287
0.08792940510676191
0.0895501854707744
0.09128498438164791
0.09303124988767039
0.09468493178666822
0.09614621180640692
0.0973250262826948
0.09814600117019974
0.09855246533585824
0.09850927878104808
0.09800430159258075
0.09704842960218371
0.09567422585459923
0.09393327499381394
0.0918924732127442
0.08962953337408489
0.08722802890634307
0.0847723187074621
0.08234268824468924
0.08001101104472687
0.07783718333416652
0.0758665176467177
0.07412820463972826
0.07263487246296169
0.07138319599862873
0.07035543974897335
0.06952176268192606
0.06884307423542213
0.0682742097094444
0.0677671906827845
0.06727435066375807
0.06675113544914217
0.06615842818619491
0.06546429685627378
0.06464511253449913
0.06368603616827548
0.06258091606031782
0.061331674769822764
0.05994729070255051
0.05844249519658509
0.056836310380251644
0.05515054735543526
0.05340836997659547
0.05163300883551387
0.04984668551532089
0.04806978129779806
0.04632025968061414
0.04461333030862259
0.04296132476124159
0.04137374298921322
0.03985742336541455
0.038416789031354835
0.037054127713488365
0.03576987030995504
0.03456284394347858
0.033430486406073455
0.032369019631534615
0.03137358887425676
0.030438380801369135
0.029556737232406035
0.028721281676123346
0.027924073361615932
0.027156798683792335
0.026411003642823023
0.02567836383597089
0.024950981760241953
0.024221695430606496