2.0993724614488256
2.0810300404414708
2.028812997206597
1.996144964651352
1.8967211450513946
1.8006742213515121
1.6791868899701576
1.5969983524213798
1.4117080670565152
1.2791889590079464
1.1433923931156362
1.023457114498176
0.8810211719129584
0.7520395551240222
0.6071765641300059
0.4987096953919448
0.40771439560337713
0.26881275642182423
0.203751506072958
0.15087015985556637
0.04788341847044918
0.02623127492107725
0.01359025252046789
-0.002878887491971677
0.01225892457123066
0.0032819620631946806
0.025893573625321745
0.07307539175074326
0.06639652532084157
0.12569689006830542
0.1432628828918291
0.1953758528141908
0.22485355266054977
0.24775731130905085
0.2526810133448152
0.29483107222310806
0.28862071783369553
0.3022517872175762
0.27573158358704
0.3122617608894015
0.263452338859966
0.25637335591346305
0.2358533456302303
0.2267373574048666
0.19532291110273844
0.16119412548852596
0.17999462419438284
0.12472366565636477
0.09601325936241437
0.07079045772776597
0.04206680681592771
0.017461023708183757
0.026138044527781196
-0.007519148701208896
0.014339280497109079
0.013302511068489767
0.010453666052636031
0.02906100227947613
0.013510947354902122
0.03748871018808034
0.04979966241908051
0.04459562327075346
0.0616626173332835
0.06316998015279796
0.0881389320970839
0.10446491727219687
0.11034882202003858
0.11938933628320911
0.12233542488336248
0.1201111430512723
0.1246879271814913
0.11925772690170817
0.11756982765234122
0.11051103138942397
0.09950466478963901
0.10028602638575802
0.08456430997946957
0.06173968194899038
0.04258492664652043
0.04922740745593449
0.020711151945108565
0.03130579118078186
0.005614605346552871
0.00758236902578501
0.006245656180488918
-0.0020326577457612394
0.0010526118234804257
0.006209530226654268
-0.008709033753764752
-0.0012846407095445194
0.0016245464980789706
0.007066462145654004
0.02366711487138186
0.03179602111185049
0.02991733172779088
0.03583608106441236
0.05099932619256832
0.05241927232385263
0.05033080184581458
0.05012707361933236
0.053185355478806276
0.04596324833771833
0.04665780228158932
0.051743353942635545
0.04143630501327877
0.043343736205867164
0.04007115580536816
0.027121920143586314
0.026528429413529463
0.021355570788070363
0.017911861840766274
0.020789893232646975
0.010832399552518013
0.011060345722941378
0.0035858956159456837
0.0011431698816012198
-0.0042888320865067855
0.0014338119709397161
-0.003589928089935966
0.0005032237139204502
-0.0003100190438005877
-0.0021893629590787863
0.008115821573791406
0.0032826294672765083
0.011054280587503832
0.018237828847379567
0.012496168423232968
0.01423222823664957
0.01782254614801154
0.01983222961644917
0.02125316897111377
0.019742718498901263
0.01941423948902753
0.02075351116686517
0.024918041266520266
0.021146875972903604
0.01797765333438912
0.01516780309966396
0.013158513074492175
0.016634535322813813
0.008350197107981213
0.010944148180276001
0.004626606117358739
0.0034157985153102986
0.004702626553252007
0.005894360338660758
0.004764144182918194
-0.0029318992067326184
-0.0006200885775796288
0.0027962309498051987
0.001024618818351518
-0.0008711958712045939
0.0015562754851311804
-0.0007207437211775174
0.0026998736754690698
0.004144041519131784
0.0007381213887508146
0.005291918679763997
0.006614002452836844
0.0033537269708539103
0.00536374405767284
0.007283820027782764
0.004116686971396858
0.007422208769716737
0.005594360013754935
0.007097227076022685
0.0062181783700949655
0.006397195810575174
0.006652123281874528
0.004023965988908245
0.005054103182816649
0.004247954975620606
0.0015977836634130944
0.0026372772693099393
0.002373503079342452