0.0005546314368916169
0.004980679229813763
0.013774277436960854
0.02681933514048426
0.043943959545875384
0.06492310375105792
0.08948202383282552
0.11730048431174217
0.1480176381067269
0.18123749559100633
0.21653488753139735
0.25346181871653
0.29155410310087476
0.33033816741188415
0.36933790844467845
0.40808148971486946
0.44610796572235506
0.4829736267209964
0.5182579634725208
0.5515691598309128
0.5825490309643397
0.6108773363533717
0.6362754091601761
0.6585090568773052
0.6773907020579646
0.6927807461152798
0.7045881533706293
0.712770266448251
0.7173318774866554
0.7183235922140453
0.715839535484993
0.7100144571962977
0.7010203064179857
0.6890623489521509
0.6743749092644246
0.657216821754001
0.6378666786095422
0.6166179620488391
0.5937741476038177
0.5696438623677565
0.5445361778781701
0.5187561117036821
0.49260040499805274
0.46635363545987496
0.44028471648894674
0.4146438240654982
0.3896597832083822
0.3655379360051984
0.342458503358473
0.3205754429575829
0.3000157967520186
0.28087951253862525
0.2632397163344726
0.24714340511661853
0.2326125233757843
0.21964538183196095
0.20821837265052748
0.1982879326049849
0.18979270385942493
0.18265584136820529
0.17678741626726943
0.17208686599575818
0.16844544415430884
0.16574862617900868
0.16387843067575386
0.1627156205984955
0.16214175323984018
0.1620410531045449
0.16230208702663645
0.1628192262436372
0.1634938854369927
0.16423553387539386
0.16496247865650843
0.16560242454470434
0.16609281897314257
0.16638099435824866
0.16642412291857006
0.16618900166894018
0.16565168716074744
0.16479700086005472
0.16361792681159962
0.16211492345434983
0.1602951711709935
0.15817177641585603
0.15576295212778274
0.1530911926563893
0.15018245967564997
0.14706539359392423
0.14377056286034462
0.14032976137846082
0.1367753620307724
0.13313973214933755
0.12945471468956168
0.12575117692153834
0.1220586266835682
0.11840489467588146
0.11481587993091594
0.11131535449395943
0.10792482249065506
0.10466342814465669
0.10154790693162144
0.0985925739006591
0.09580934324199879
0.09320777340637096
0.09079513246051109
0.08857647886504093
0.08655475345535457
0.0847308790622349
0.08310386489679673
0.0816709135153686
0.08042752884798757
0.0793676243959259
0.07848363125932738
0.07776660612962451
0.07720633976109288
0.0767914667139463
0.07650957733437629
0.07634733300538978
0.07629058567054685
0.07632450250845783
0.07643369642990934
0.07660236279483433
0.07681442241815854
0.07705367056806968
0.0773039312746473
0.07754921587807502
0.07777388437059977
0.07796280774068444
0.0781015292255744
0.07817642213223557
0.07817484170631202
0.07808526842218555
0.0778974400393799
0.07760246982378684
0.07719294846612672
0.07666302744174229
0.0760084818397318
0.07522675103803173
0.07431695600461474
0.0732798924524142
0.07211799955443778
0.07083530442260748
0.06943734305546369
0.06793105895245242
0.06632468106272453
0.06462758317182095
0.0628501272188817
0.06100349337017715
0.05909949994348496
0.057150416475704804
0.055168773348637436
0.05316717143267507
0.051158095174952185
0.04915373244901554
0.04716580430099598
0.04520540747805967
0.04328287231570516
0.04140763819970948
0.039588148415804346
0.037831765765905176
0.036144709874897804
0.03453201664778515
0.032997519874571675
0.03154385453039269
0.030172480891263148
0.02888372819074365
0.027676856188027923
0.02655013271048431
0.025500924979112122
0.024525802327858923
0.023620647789897777
0.0227807759468216
0.02200105441984977
0.021276026423625295
0.02060003189979133