2.096678874493079
2.0548450490549994
1.9421389834505507
1.8139540878046696
1.6549100820300546
1.4641555433997067
1.2548241230732424
1.0133471289747105
0.7890452058610342
0.5714687913422967
0.31573376006612175
0.1286532051637461
-0.056964413539298875
-0.21321223072075066
-0.32620560456970304
-0.43167630145208064
-0.5051320958052165
-0.4981580358012573
-0.5279449063520008
-0.5136134279943546
-0.46697244176826835
-0.4104809248165518
-0.3509953350856264
-0.2908729289926538
-0.21653424866914803
-0.1498208103266748
-0.07087686517654722
-0.01812107547262951
0.025086118105121798
0.07022986390994734
0.0861261625720889
0.11091988404817497
0.1083368242590062
0.1132921538444
0.10949091819768313
0.09851611879873419
0.08772108091445029
0.07156510771946312
0.056472644030172416
0.03961005991939249
0.028046814339266424
0.015407775091133268
0.007380386759277538
0.0010912370771289366
-0.0028750576439734673
-0.006187179159615037
-0.007131923234444343
-0.007295853164600987
-0.006692790139747619
-0.00624836188297531
-0.004800598312495678
-0.0037699507203193526
-0.002610931707052394
-0.001854528973675757
-0.0011395938460583468
-0.0006228240046953056
-0.0002964166402476845
-0.00012556230169803427
-0.00004337563971009129
-1.7130784843145315e-6
6.820760042894673e-6
3.407428276661176e-6
9.815475801650535e-7
8.296272694496975e-8
9.131397227943104e-14
8.926642046300712e-8
1.4760517342482429e-6
7.986063670418082e-6
0.000026218907851377908
0.000055304956749862804
0.00010296000859269863
0.00016257579007101502
0.00020749119912102433
0.00021799212415259288
0.00017417718811913062
4.9292233033509746e-6
-0.00028402016032292064
-0.0008059057933189759
-0.0016287176513650528
-0.002525496530732079
-0.0037692197826293687
-0.004741963286711292
-0.00685914479834226
-0.008292652208731472
-0.009520712701272607
-0.011030208401142709
-0.011457500678726263
-0.010508374736449777
-0.009058724439757282
-0.007611951032205539
-0.005379249629605901
0.0008852089519166944
0.0050099209335671135
0.012110995271083058
0.017669126251212492
0.025316144476449413
0.03008258989895303
0.03728222816628477
0.04512306756702555
0.04448719295446961
0.050962668606447686
0.048742091571227435
0.044723556498231176
0.04351548819712623
0.0340579099187946
0.019998045774738744
0.008828557053607931
-0.0012385122803327685
-0.015041256193979564
-0.023476711610767417
-0.04255084266556193
-0.048528863126365646
-0.06471287576610536
-0.07560696626233424
-0.07846848001710305
-0.07775120354424767
-0.07769075996095294
-0.07579002477655666
-0.06491838585511393
-0.05378612355243695
-0.041026866494280806
-0.028605084368784534
-0.011032107678474658
0.003611290395503838
0.018801634960779554
0.03518452421145387
0.04418176121000975
0.048209805424855486
0.06142886403281847
0.06741976865120304
0.06756832674471058
0.06276160499649615
0.05997499697752813
0.057077192306401396
0.0457402657309925
0.0334318570385267
0.026157355038342895
0.01108101249010997
0.005463157563734616
-0.004373215893497787
-0.01080391256694666
-0.015023864074033236
-0.024089245803978507
-0.025154474833404845
-0.028917646094421642
-0.02838160754470529
-0.026292731404122378
-0.023686983221453458
-0.0230931237560532
-0.021123881716173812
-0.01751587658435707
-0.013480533408571787
-0.008412776166671545
-0.005133803435208936
-0.0007932275946035864
0.0014366092402487607
0.002596127608264494
0.0046678606967512195
0.00517875912901615
0.006197805134842981
0.006647852357528826
0.005835841463745684
0.005216385899570235
0.0048775347755334025
0.0038859969632495245
0.00265258090399472
0.0022955620625540853
0.0015448542538344437
0.0009805486196722253
0.000319715995092239
0.0001306504760351598
-0.00023874362485466495
-0.00027412485915878594
-0.0004048903243598455
-0.00036167843628394304