0.0016971353277946055
0.015184070721134237
0.041681729672573775
0.08025937742479923
0.1295739471244663
0.18793043224946393
0.2533572093945306
0.32369225067852275
0.39667566246268404
0.47004374035849683
0.5416197702806222
0.60939712339291
0.6716107630807437
0.7267940625794661
0.7738187679249241
0.811916969106633
0.8406849951716265
0.8600701595738043
0.870342188424437
0.8720519137909911
0.865980366615768
0.8530817337866732
0.834423741979837
0.8111289036887724
0.7843197297875719
0.7550705121627356
0.7243676532024196
0.6930798161968429
0.6619384442010873
0.6315284952973694
0.6022886150122226
0.5745194493306244
0.5483984213874666
0.5239990668803205
0.5013129507911003
0.4802722627900047
0.4607713921649349
0.44268608856810193
0.4258891900206896
0.41026230946658804
0.3957032808844381
0.38212954358542955
0.36947796204200745
0.35770181852620747
0.3467658651033249
0.33664037661858465
0.3272951117675321
0.3186939767722587
0.3107910128124701
0.30352811515225187
0.296834661543251
0.29062900232001126
0.2848215647565025
0.27931916604617635
0.2740300240697391
0.26886890868768837
0.2637618886671943
0.25865019519844257
0.2534928324149685
0.24826770518481478
0.24297118949927957
0.2376162253932928
0.23222915179700165
0.22684561460180788
0.22150595434069578
0.21625051296161285
0.21111528913013014
0.20612832131779854
0.20130709418731405
0.19665715585336718
0.19217201266744907
0.18783424613104746
0.18361768484202526
0.17949037301920176
0.17541801380977987
0.1713675350203696
0.1673104286455732
0.1632255518766724
0.1591011414821018
0.15493587848013896
0.1507389371298001
0.14652905191003887
0.1423327289128657
0.13818180548866654
0.13411061731292576
0.13015306082878553
0.12633983940351265
0.12269615435614571
0.11924005063592019
0.11598155686775104
0.11292267781823248
0.11005821204079008
0.10737728662838833
0.10486543212082869
0.10250696988823495
0.10028745614166612
0.09819592334255361
0.09622668111872877
0.09438048251747808
0.09266492321389386
0.09109401526195943
0.08968695623881907
0.08846619193214915
0.08745493908064803
0.08667438801543081
0.08614083869435057
0.0858630346961298
0.08583994738465328
0.08605922785647838
0.08649649055017354
0.08711552423970259
0.08786944944958583
0.0887027626653271
0.08955413370342598
0.09035975940997518
0.09105702964876843
0.09158823409251847
0.09190403273041331
0.09196642951133813
0.09175102560342302
0.09124838317089036
0.09046439780459227
0.08941965230217519
0.08814780040686777
0.08669310042409213
0.08510727987898374
0.08344595900995902
0.0817648896239544
0.08011627486055074
0.07854542449990984
0.07708797093096798
0.07576782549891418
0.07459599754234407
0.07357033367808506
0.07267616787103508
0.07188780861168872
0.07117073279475568
0.07048431058614942
0.0697848546041265
0.06902877184523898
0.0681755983973939
0.06719071428157941
0.0660475667913361
0.06472927255763566
0.06322951768718706
0.06155272776789911
0.05971353132091869
0.057735587675603
0.05564989004961461
0.0534926843694642
0.05130316249170758
0.04912109436075352
0.04698455759044672
0.044927906171599356
0.04298009439509646
0.04116344007863649
0.03949287554380119
0.037975698339656055
0.03661179914122708
0.0353943139240331
0.03431062329815797
0.033343605049921926
0.03247303711018792
0.03167704732270368
0.030933512905461
0.030221325263999736
0.029521453334750154
0.02881775918734719
0.028097541399548315
0.027351803008706804
0.02657526010928259
0.025766123175852113
0.02492569508363379
0.02405783711450777
0.02316835691793111