0.9540082162793826
0.9529416190993647
0.9514545828754599
0.9495486233944679
0.9472256789381248
0.9444881081262724
0.9413386872325995
0.9377806069751871
0.933817468784774
0.9294532805543589
0.9246924518744377
0.9195397887588562
0.9140004878669572
0.9080801302283668
0.9017846744774508
0.8951204496051435
0.8880941472365046
0.8807128134430449
0.87298384009948
0.8649149557952459
0.8565142163117172
0.8477899946767151
0.8387509708084931
0.8294061207619889
0.8197647055907245
0.8098362598383199
0.7996305796741254
0.7891577106880473
0.7784279353601599
0.7674517602212164
0.7562399027206618
0.7448032778192406
0.7331529843237438
0.7213002909818804
0.7092566223556852
0.6970335444922668
0.6846427504110802
0.6720960454272588
0.6594053323308815
0.6465825964423405
0.6336398905642758
0.6205893198507849
0.6074430266148532
0.5942131750951538
0.5809119362035371
0.5675514722746859
0.5541439218395215
0.5407013844440456
0.5272359055353556
0.5137594614366042
0.5002839444326725
0.4868211479882923
0.47338275212028885
0.45998030894551956
0.4466252284259542
0.4333287643321779
0.4201020004464058
0.4069558370258642
0.3939009775471336
0.3809479157517479
0.36810692301301606
0.35538803604365776
0.34280104496345576
0.3303554817456796
0.31806060906057143
0.3059254095336826
0.2939585754363001
0.2821684988246419
0.27056326214387977
0.2591506293124206
0.24793803730118893
0.23693258822196078
0.22614104193804804
0.21556980920987087
0.2052249453871473
0.1951121446586021
0.1852367348692358
0.17560367291430146
0.16621754071822645
0.15708254180576653
0.14820249847172004
0.1395808495545288
0.1312206488180893
0.1231245639450514
0.11529487614383924
0.10773348037054696
0.10044188616578392
0.0934212191054338
0.08667222286318554
0.08019526188156505
0.07399032464707057
0.06805702756387151
0.06239461941939562
0.057001986433983104
0.05187765788565111
0.04701981229987117
0.04242628419313766
0.03809457135798078
0.03402184267597452
0.030204946444192676
0.026640419199492966
0.023324495023955283
0.020253115313765994
0.01742193899283884
0.014826353151484374
0.012461484089499323
0.01032220874213706
0.008403166466552751
0.006698771165486107
0.005203223724161628
0.003910524735646837
0.0028144874892215804
0.0019087511956743402
0.001186794422860127
0.0006419487143302979
0.0002674123633793508
0.000056264314450993885
1.4781635066264495e-6
0.00009593622868580446
0.0003324436623829187
0.0007037425757276488
0.0012025261463910072
0.0018214526806449778
0.002553159600682343
0.0033902773283562273
0.0043254430367255185
0.005351314241093083
0.006460582201600354
0.007645985109891238
0.008900321032882502
0.010216460587275364
0.011587359319111794
0.013006069763419892
0.014465753159801888
0.01595969080069604
0.01748129498998614
0.019024119590638468
0.020581870141111836
0.02214841352141172
0.023717787150836975
0.025284207700697607
0.0268420793065606
0.028386001265900955
0.029910775208395978
0.03141141172749933
0.03288313646335705
0.03432139562858338
0.03572186096989134
0.03708043416006558
0.03839325061627235
0.03965668274221377
0.04086734259315076
0.042022083964331165
0.04311800390486485
0.04415244366058077
0.045122989050874696
0.046027470286008905
0.0468639612327472
0.04763077813760295
0.04832647781832886
0.04894985533559172
0.04949994115804045
0.049975997835193284
0.05037751619373015
0.05070421107388186
0.05095601662364965
0.051133081169567274
0.05123576168362812
0.05126461786684083
0.0512204058706446
0.05110407167810954
0.050916744167464036
0.05065972788103131
0.050334495523119215
0.049942680210787
0.04948606750171707
0.048966587223639856
0.04838630512990354
0.04774741440584309
0.04705222705058847
0.04630316515886021
0.04550275212713339
0.04465360380830979
0.04375841963872639
0.042819973760946255
0.04184110616532879
0.04082471387286585
0.03977374218119499
0.03869117599507207
0.03758003126189889
0.03644334653216675
0.035284174663893025
0.03410557468930215
0.03291060386113633
0.03170230989508014
0.030483723423850737
0.02925785067754538
0.028027666403854113
0.02679610704074355
0.02556606415319899
0.024340378144583785
0.02312183225213728
0.02191314683509411
0.020716973962865894
0.01953589230969391
0.018372402361148683
0.017228921936839576
0.016107782032691635
0.015011222985161053
0.013941390958797314
0.012900334757613978
0.011890002959816952
0.01091224137454607
0.009968790818430835
0.009061285208931024
0.008191249970644117
0.0073601007500008996
0.006569142433054843
0.005819568460386352
0.0051124604325042825
0.004448787998523322
0.003829409020337395
0.003255070003989253
0.002726406789460274
0.0022439454896688075
0.0018081036690728572
0.0014191917519214647
0.001077414649889105
0.0007828735985588824
0.0005355681919915325
0.00033539860442844625
0.00018216798802678537
0.00007558503541241642
0.000015266695760915237
7.41033076709288e-7
0.00003145021533502732
0.00010675362317857596
0.00022593106692007212
0.0003881861006909092
0.0005926494226946848
0.0008383823506691333
0.0011243803618316227
0.0014495766867780948
0.0018128459470234104
0.0022130078261091268
0.0026488307644639314
0.003119035668475816
0.00362229962452943
0.004157259609066039
0.004722516186045261
0.0053166371835175535
0.0059381613413581015
0.006585601922562544
0.00725745028086173
0.00795217937777576
0.008668247242594653
0.009404100369143114
0.010158177043560186
0.010928910597697137
0.011714732583109197
0.01251407586099078
0.013325377603768838
0.014147082204439674
0.014977644090091086
0.015815530436412102
0.01665922378034062
0.01750722452834425
0.01835805335816503
0.019210253512190082
0.020062392980925825
0.020913066575370457
0.021760897887375136
0.022604541137381366
0.023442682909200516
0.024274043771774393
0.025097379788114615
0.0259114839118712
0.026715187272214082
0.027507360347944616
0.028286914031963463
0.029052800587430747
0.029804014497144128
0.030539593207842643
0.03125861777131494
0.03196021338434727
0.032643549829697215
0.03330784182041162
0.03395234924993607
0.03457637735057649
0.035179276762976504
0.035760443519371216
0.03631931894345778
0.03685538946980066
0.03736818638575078
0.03785728549891504
0.03832230673325678
0.03876291365694643
0.03917881294510837
0.03956975378063352
0.03993552719623652
0.040275965360944375
0.040590940814200394
0.04088036565075757
0.041144190659523155
0.04138240441949034
0.04159503235587087
0.04178213575950325
0.041943810772580276
0.042080187343689054
0.04219142815511558
0.04227772752530877
0.0423393102893472
0.042376430660187835
0.042389371073417934
0.04237844101815982
0.04234397585671393
0.04228633563545096
0.04220590388939145
0.04210308644283481
0.041978310208322996
0.0418320219861429
0.04166468726649406
0.04147678903636353
0.04126882659307009
0.041041314366354706
0.04079478075081269
0.04052976695037715
0.04024682583648152
0.039946520821443676
0.039629424748531566
0.039296118800086835
0.038947191425000784
0.038583237286754994
0.038204856233158106
0.037812652288830795
0.03740723267141114
0.036989206832376505
0.03655918552330005
0.036117779888286856
0.035665600583259405
0.03520325692269246
0.03473135605432481
0.034250502162309605
0.03376129569919515
0.03326433264706698
0.032760203808115
0.03224949412483204
0.03173278202998834
0.031210638826471557
0.030683628097024636
0.030152305143863294
0.029617216458101236
0.0290788992188649
0.028537880821930272
0.027994678437671564
0.027449798598067236
0.02690373681246956
0.026356977211803922
0.025809992220829095
0.025263242258053566
0.024717175462872106
0.024172227449454978
0.023628821086894146
0.023087366305084716
0.022548259925794005
0.022011885518349126
0.021478613279351907
0.02094879993581154
0.02042278867106739
0.019900909072859442
0.019383477102888864
0.018870795087200097
0.018363151726703764
0.017860822127151947
0.017364067847868522
0.016873136968531797
0.01638826417330163
0.015909670851580047
0.015437565214691898
0.014972142427771942
0.014513584756144574
0.014062061725484458
0.013617730295048978
0.013180735043277212
0.012751208365055056
0.012329270679952032
0.011915030650742302
0.011508585411529498
0.011110020804804496
0.010719411626773583
0.010336821880305606
0.009962305034856298
0.009595904292740815
0.009237652861136243
0.008887574229209688
0.008545682449779695
0.008211982424933293
0.007886470195034486
0.00756913323057471
0.007259950726330785
0.0069588938973109155
0.006665926275984907
0.006381004010310277
0.006104076162082598
0.005835085005153306
0.005573966323076007
0.00532064970575737
0.005075058844706363
0.004837111826490882
0.004606721424028783
0.0043837953853556825
0.00416823671952927
0.00395994397934589
0.0037588115405616748
0.0035647298773269563
0.0033775858335587734
0.003197262889992124
0.0030236414266666947
0.0028565989806215012
0.0026960104985850855
0.0025417485844644832
0.0023936837414506194
0.0022516846085733904
0.0021156181915531905
0.001985350087810655
0.0018607447055095814
0.0017416654765222215
0.0016279750632187957
0.0015195355589966318
0.0014162086824761639
0.001317855965304188
0.0012243389335158457
0.001135519282418972
0.001051259044975178
0.0009714207536632227
0.0008958675958204064
0.0008244635624680344
0.0007570735906363705
0.0006935636992142728
0.0006338011183572204
0.0005776544124963081
0.0005249935969988247
0.00047569024853887705
0.00042961760924400825
0.00038665068469079207
0.0003466663358290442
0.0003095433649206637
0.00027516259558510214
0.0002434069470489976
0.00021416150270281718
0.0001873135730721873
0.00016275275331620917
0.00014037097536922786
0.00012006255484640468
0.00010172423283698045
0.0000852552127123696
0.00007055719207912564
0.000057534390009411575
0.00004609356968390622
0.000036144056584131896
0.000027597752372842088
0.000020369144602626725
0.000014375312394003608
9.535928225236079e-6
5.773255976726294e-6
3.0121453732983268e-6
1.1800229678171152e-6
2.0687980957540754e-7
2.525594059352604e-8
5.702218624977627e-7
1.779357115960654e-6
3.5927261138090745e-6
5.952851367837484e-6
8.804684248125876e-6
0.00001209557341224763
0.00001577523104018566
0.0000197956970090489
0.000024111301139813108
0.000028678623646309584
0.00003345645391456058
0.00003840574773829703
0.00004348958313414661
0.00004867311485751243
0.000053923527737599957
0.000059209988947394484
0.00006450359932168865
0.00006977734383340377
0.0000750060413356526
0.00008016629367398112
0.00008523643427030745
0.00009019647627700807
0.00009502806039655711
0.00009971440245900362
0.00010424024084644956
0.00010859178385054268
0.00011275665704582415
0.00011672385075859854
0.0001204836677078081
0.0001240276708912092
0.00012734863178697343