0.000015898040546792807
0.001891326885874866
0.006597172296529584
0.013389327172745945
0.021218453466316657
0.02891849120705704
0.03541379569564937
0.039906355735315854
0.04200844402739378
0.04179645350999757
0.039776624672970946
0.036770062375955974
0.033739745108790666
0.031593273778696855
0.030999815092617632
0.032257171395149095
0.035235604991764986
0.03941067091203033
0.04398051879099465
0.048047011779274076
0.050827553893247765
0.05185802205837811
0.05114787962044187
0.04925631096980971
0.04727168537167411
0.04669343038852004
0.049232487381439614
0.05656091060008138
0.07005033911857758
0.09054144823974239
0.11818171991495978
0.1523578635783344
0.19173394589103526
0.2343894265777295
0.27803573481164723
0.320278339939532
0.35888530646592776
0.39202386450304655
0.4184332145748787
0.43751322166380696
0.4493226897673037
0.45449505894124104
0.4540912620146006
0.44941727663219755
0.441836594322237
0.432605344155311
0.42275100588149306
0.4130060755089875
0.40379762494145877
0.3952843411883184
0.3874258980653186
0.3800663439416273
0.3730137756790178
0.3661023790366942
0.3592288511834537
0.35236187510556183
0.3455292742261419
0.33879159749428683
0.33221251106335903
0.3258354219764452
0.319672704314452
0.3137096262794358
0.30792067446016236
0.3022924805761451
0.29684575034579336
0.2916488257130942
0.28681765269491705
0.282500417431575
0.2788490986830044
0.2759837154914597
0.2739572893738523
0.272729954578228
0.27215911310057866
0.2720093542164639
0.27198171708454644
0.27175766250810235
0.2710497535704517
0.26964926984468496
0.26746121034083786
0.264519370651551
0.26097798404077904
0.2570810355540975
0.25311485658738075
0.24935306385194766
0.2460046043562194
0.24317524058388704
0.24085031695516199
0.23890256389962247
0.23712381325535728
0.2352747734470772
0.23314337177223157
0.2306003295199389
0.2276409577632871
0.22440459121667267
0.22116715177080118
0.21830727637861821
0.21625132023494922
0.2154064423036322
0.21609317981223927
0.21848903534766972
0.22259264596458173
0.22821447589986074
0.23499537211259255
0.24244960499615456
0.25002503921994007
0.257170529060813
0.263399906196507
0.2683430700510934
0.2717773994247446
0.2736364039660361
0.2739964985285534
0.27304628044272783
0.271045120951421
0.2682788894934227
0.26502014936438006
0.26149841932258916
0.25788353649633117
0.254282351198794
0.2507465032776571
0.247287327307897
0.24389326696550914
0.24054556774155847
0.23722925906030903
0.23393816480674842
0.23067445379186732
0.22744464350179183
0.2242547019117216
0.22110682889879368
0.21799971052444747
0.21493276489341243
0.21191348381388228
0.20896579089708212
0.20613669302416318
0.20349857508690658
0.20114528282221594
0.1991814886309169
0.19770643961188827
0.19679467813059107
0.19647735092760454
0.19672802490577654
0.19745640043410265
0.19851202816589114
0.1996983300530326
0.20079525377182023
0.20158715074024658
0.20189132145622568
0.20158236469459262
0.20060808052691995
0.19899410924415098
0.1968364733033406
0.1942833504879304
0.19150933054645636
0.1886867274632314
0.18595898612096678
0.18342075261108126
0.1811078699739429
0.17899867358053279
0.177025857904861
0.17509626900767794
0.1731146012363742
0.1710063877109602
0.16873596138320482
0.166316146941445
0.1638080946828574
0.1613115563104526
0.15894766616626663
0.15683760351082185
0.15508114432393594
0.15373897527929326
0.15282179839632462
0.1522878944593479
0.15204921739507418
0.1519845715554089
0.15195725919279762
0.15183397257245948
0.15150172322972952
0.15088020311652608
0.14992800281608287
0.14864234270284826
0.1470531534187271
0.14521325036084054
0.14318683181339908
0.14103853684056808
0.13882487248408273
0.13658908955714452
0.13435973303681592
0.13215230735352002
0.12997293858126743
0.12782268190071916
0.12570123187828103
0.12360918548390923
0.12154856413710209
0.1195218727161803
0.11753041729760677
0.11557281419879058
0.11364455584576848
0.11173917782259225
0.10985108108821846
0.1079795289049644
0.10613289538668551
0.10433200698323412
0.10261145790928378
0.10101810106371004
0.09960645852161794
0.09843144935823463
0.09753945824047501
0.09695922832378287
0.09669425008450198
0.09671818153826874
0.09697438843870042
0.09738001295180779
0.09783419201733783
0.09822930165208744
0.09846354391521007
0.09845292736018704
0.09814077159896822
0.09750327806818976
0.09655037534779165
0.0953218443039173
0.09387950906986525
0.09229690340645973
0.09064817982243334
0.0889980648569309
0.0873943834729557
0.08586414239753433
0.08441348460167251
0.08303113521036613
0.08169437979521768
0.08037624873141082
0.07905248068452664
0.07770700586454549
0.07633507640713905
0.07494368964235228
0.07354949313254587
0.0721748234944286
0.07084283179248897
0.06957274126333766
0.06837616630159041
0.06725513402141195
0.06620206095281383
0.06520153200681239
0.06423338825445217
0.06327641678634974
0.06231188217492405
0.061326242430438015
0.06031261868355169
0.05927088048748869
0.058206501678704274
0.05712857425238885
0.05604749615230027
0.054972855012040724
0.05391192294084753
0.0528689903127085
0.05184554716104878
0.05084112092419169
0.049854442903778405
0.04888456988673233
0.047931636887286945
0.04699704474642035
0.04608305795776173
0.045191960273279215
0.04432504626452278
0.04348178461826839
0.04265945958295715
0.041853487049387725
0.04105843628198004
0.04026960523897274
0.039484839059519904
0.03870618504799669
0.03794096762831679
0.03720194912367191
0.036506402908311995
0.035874133596606954
0.03532469302035755
0.03487421729847334
0.03453241270192918
0.03430022397693994
0.03416862486381453
0.034118792801108314
0.034123700576747414
0.0341509191816194
0.03416622212883876
0.03413744896364721
0.03403804774721433
0.03384977817582615
0.03356420543346027
0.03318282112165348
0.03271585329788315
0.03218003230034412
0.031595727678352066
0.030983941015412374
0.030363622124180412
0.029749680614362374
0.02915191352893699
0.02857489373519534
0.028018696588580003
0.02748021355772053
0.02695473115370721
0.0264374492527727
0.02592466924578562
0.025414482811700043
0.024906912873789974
0.02440357394063142
0.02390700731247461
0.023419892727296818
0.02294433691221941
0.022481396219148016
0.02203091831116156
0.021591704846621953
0.021161922137118986
0.020739635429809264
0.020323324072474846
0.019912250813015
0.01950660270260475
0.01910738156034011
0.018716083919688167
0.018334259564356543
0.01796306355079624
0.017602914178420605
0.01725334042910116
0.016913054598460254
0.016580230789311336
0.016252920510233318
0.015929504070179984
0.015609067970325604
0.01529161570973594
0.014978058204685353
0.014669981477825014
0.014369241777553369
0.01407748005631028
0.013795669385207467
0.013523805428167376
0.013260821992269639
0.013004766664758471
0.012753215447896512
0.01250385189015772
0.012255096770672783
0.012006657375911
0.011759874706479068
0.01151778112676854
0.011284833564784035
0.011066348239629572
0.010867720256525446
0.01069355418619705
0.010546851730893815
0.010428395999026657
0.010336440082816027
0.010266756622347958
0.010213044395478777
0.010167628834281496
0.01012234631232955
0.010069475116088161
0.010002573295763173
0.009917104603701933
0.00981077369768388
0.009683542727348763
0.009537353779460443
0.009375626164441741
0.009202626910995894
0.00902282305754751
0.008840315130824828
0.008658425904239543
0.008479483156856909
0.008304797099556293
0.008134799646331155
0.007969289511293913
0.007807717426169278
0.007649449893874305
0.007493965380296051
0.00734095924211355
0.007190357592224193
0.007042260551307033
0.00689684804017167
0.006754284531574531
0.0066146533220959435
0.006477938200591137
0.00634405450536438
0.006212916545257115
0.006084517793169897
0.005958996475354928
0.005836662803716854
0.00571797399884604
0.005603456868380625
0.005493591682208425
0.005388682053032827
0.005288740862587707
0.005193420661013606
0.005102008683957203
0.005013493452314877
0.004926694707308239
0.004840434506930017
0.00475371771777162
0.004665887004602967
0.0045767215032174275
0.004486458891248414
0.004395735425623854
0.004305454671375005
0.004216609813261814
0.004130093738895872
0.004046533626844289
0.0039661820540458585
0.0038888856031729668
0.0038141368052789864
0.0037411989963033097
0.003669279486978911
0.0035977170883349707
0.00352614726474703
0.003454612462044803
0.0033835955681354663
0.0033139689335327837
0.0032468671008129293
0.0031835053834496745
0.0031249761177156196
0.0030720580935265827
0.003025071837921087
0.0029838048013119413
0.0029475178581914734
0.0029150303328534335
0.0028848676335862977
0.002855445841832341
0.002825262831296718
0.0027930662621031862
0.002757974629672438
0.002719537066599723
0.0026777288291884136
0.0026328901993731245
0.0025856249872468103
0.002536679603943153
0.002486824259209355
0.0024367545296629135
0.002387025361928813
0.002338021995902604
0.0022899649231208625
0.0022429402401321023
0.002196943559677792
0.0021519253319354156
0.002107827704289081
0.002064607099487341
0.002022241409403964
0.001980724939215891
0.0019400570628859486
0.0019002314352862192
0.0018612315096045023
0.0018230354587902334
0.0017856301677780116
0.0017490306699884499
0.0017132991001873354
0.0016785565180901332
0.0016449820254786206
0.0016127962291840898
0.0015822296990619124
0.0015534808092555123
0.0015266703637091925
0.001501801973427748
0.0014787368616314418
0.0014571896102392654
0.001436747716150622
0.0014169134090182107
0.0013971618769225778
0.0013770067252362192
0.0013560618390840958
0.0013340891834372844
0.0013110244089189294
0.0012869759988141563
0.0012621983572645762
0.0012370438130821886
0.0012119021363127386
0.0011871381674157693
0.0011630381937719181
0.0011397738086413147
0.0011173885536218502
0.0010958083574798179
0.0010748724645624056
0.0010543779979440451
0.0010341291566957238
0.0010139816470297843
0.0009938742954920606
0.0009738425617835236
0.000954012278886871
0.0009345756867611613
0.000915754990378448
0.0008977607036384983
0.0008807526204822694
0.0008648103565785238
0.0008499182826553119
0.0008359667935682407
0.0008227688093804782
0.0008100877655430463
0.0007976715829166261
0.0007852864818549512
0.0007727450490413521
0.0007599244864234076
0.0007467731011208116
0.0007333053777057921
0.0007195879611382124
0.0007057202163898227
0.0006918135239430629
0.0006779731082389508
0.0006642851405200826
0.0006508103959427646