0.9540061524463072
0.9526921827789089
0.9505469792998175
0.9475750758701436
0.9437826433813119
0.9391774742616967
0.933768962998893
0.9275680827261232
0.9205873579317039
0.9128408333608021
0.9043440391888331
0.8951139525558108
0.885168955560691
0.8745287898242319
0.8632145077381252
0.8512484205270797
0.8386540432591444
0.8254560369478389
0.811680147897546
0.797353144451156
0.7825027513060435
0.7671575815711424
0.7513470667441094
0.7351013847933298
0.7184513865347798
0.7014285204985601
0.6840647564841333
0.6663925080070601
0.6484445538431944
0.6302539588789261
0.61185399447814
0.5932780585780503
0.5745595957269848
0.5557320172775368
0.5368286219482505
0.517882516966169
0.4989265400011383
0.4799931821007606
0.46111451183227786
0.4423221008344894
0.42364695097905053
0.40511942333617884
0.38676916913490833
0.3686250629026
0.3507151379624595
0.33306652446131507
0.315705390092925
0.2986568836745911
0.28194508172690874
0.2655929381980715
0.24962223746532058
0.23405355073687598
0.2189061959680731
0.2041982013954327
0.1899462727820866
0.17616576445735518
0.16287065422238656
0.15007352218262074
0.13778553355650008
0.1260164254983018
0.11477449796129745
0.10406660861563342
0.09389817182345381
0.08427316166185564
0.07519411897232807
0.06666216240340975
0.05867700340144493
0.0512369650925583
0.04433900498733931
0.0379787414282706
0.032150483688678594
0.02684726562097117
0.022060882741189974
0.017781932626479986
0.013999858491996007
0.010702995804068879
0.007878621777165818
0.00551300759333713
0.0035914731744777747
0.002098444329873011
0.0010175120941741983
0.00033149406419123874
0.000022497536715653
0.00007198424403075053
0.0004608364788416371
0.0011694243960918033
0.002177674275541572
0.0034651375260844274
0.005011060210584752
0.006794452868547353
0.00879416041318476
0.010988931879441617
0.013357489800271597
0.015878598989941994
0.018531134515368555
0.021294148639452313
0.02414693652409713
0.027069100485025182
0.0300406125956645
0.03304187544324695
0.03605378084681
0.03905776635402095
0.042035869341620756
0.044970778552785876
0.0478458829138125
0.050645317482196694
0.053354006388400065
0.055957702644304275
0.0584430247025427
0.060797489662510584
0.06300954303085773
0.06506858495661287
0.06696499287373815
0.06869014049681473
0.07023641312866787
0.07159721925200918
0.0727669983905456
0.0737412252384367
0.07451641007041582
0.07509009545827793
0.07546084933272285
0.07562825444267587
0.07559289427713474
0.07535633552726023
0.07492110717878928
0.07429067633684774
0.07346942089683237
0.07246259918616466
0.07127631671235117
0.06991749016286641
0.06839380881186982
0.0667136934976303
0.0648862533427295
0.06292124039660862
0.06082900238678651
0.058620433771075495
0.05630692528833389
0.05390031220970002
0.05141282149582776
0.048857018068380824
0.04624575040592816
0.04359209567540765
0.04090930461049025
0.03821074634748379
0.03550985342786291
0.03282006717411979
0.03015478364240097
0.027527300351355772
0.02495076398178459
0.022438119236070194
0.020002059040030933
0.017654976262777167
0.015408917122426239
0.013275536437164798
0.01126605487218875
0.009391218323543135
0.007661259569869156
0.006085862312597329
0.004674127714252812
0.003434543533311427
0.0023749559425204013
0.0015025441058284029
0.0008237975771119157
0.0003444965717937744
0.00006969515028427796
3.707339988401485e-6
0.00015009621047176866
0.0005116659043188083
0.0010904566143012846
0.0018877424857581956
0.002904032411619988
0.0041390736763397915
0.005591858394169266
0.007260632676783577
0.009142908455258144
0.011235477871870337
0.013534430148182107
0.016035170827381547
0.018732443280958362
0.02162035236248821
0.02469239008462142
0.027941463189337244
0.031359922476155856
0.03493959374829935
0.0386718102327775
0.04254744632705208
0.04655695252229631
0.05069039135132124
0.05493747420798634
0.05928759888432754
0.06372988767171901
0.06825322587312838
0.07284630057488957
0.07749763952840923
0.08219564999479541
0.08692865740854672
0.09168494372012276
0.09645278528141134
0.10122049014277913
0.10597643463551941
0.1107090991190376
0.11540710277802449
0.12005923736112427
0.12465449975915392
0.12918212332775067
0.13363160786638625
0.13799274817291293
0.142255661100216
0.14641081104905598
0.1504490338387724
0.15436155890516795
0.15814002978252384
0.1617765228343339
0.16526356420489088
0.16859414497134254
0.17176173448317927
0.1747602918833252
0.17758427581202185
0.1802286523015312
0.18268890087627299
0.1849610188793766
0.1870415240527052
0.18892745540322253
0.19061637239406362
0.1921063525038731
0.1933959872028199
0.1944843763982351
0.1953711214069895
0.19605631651556243
0.19654053919221734
0.19682483901881903
0.19691072541257712
0.1968001542103928
0.19649551319052522
0.19599960660797464
0.19531563882131536
0.1944471970897041
0.19339823361944894
0.19217304693986043
0.1907762626881205
0.1892128138826298
0.18748792076370746
0.18560707027967235
0.18357599529520582
0.18140065359753116
0.1790872067743291
0.17664199903548386
0.17407153604871173
0.1713824638569006
0.16858154794257973
0.16567565250238422
0.162671719991664
0.15957675099656346
0.15639778448794447
0.15314187850849406
0.14981609134122795
0.14642746320442337
0.1429829985147696
0.13948964875725586
0.13595429599701875
0.13238373706506054
0.1287846684464561
0.1251636718963684
0.1215272008059449
0.11788156733693332
0.11423293034069794
0.11058728407418966
0.10695044772239308
0.10332805573379157
0.09972554897252187
0.09614816668808399
0.0926009393007929
0.08908868199855677
0.08561598913809755
0.08218722944135642
0.07880654197558674
0.07547783290350402
0.07220477298787066
0.06899079583300881
0.06583909684399762
0.06275263288268663
0.059734122598176634
0.05678604740805549
0.05391065310545549
0.051109952065895595
0.04838572602689959
0.04573952941254096
0.04317269317433466
0.040686329119303526
0.03828133469555545
0.03595839820534875
0.03371800441535896
0.03156044053372116
0.029485802523371206
0.027494001721275436
0.02558477173328424
0.023757675574598302
0.022012113026163314
0.02034732817773116
0.01876241712881403
0.017256335819331628
0.015827907962382332
0.014475833052273818
0.01319869442170343
0.01199496732279526
0.010863027007558703
0.009801156784243814
0.008807556027010928
0.007880348117315958
0.007017588296421813
0.006217271409485381
0.005477339522727397
0.004795689396267884
0.004170179796301015
0.0035986386313787214
0.0030788698986780466
0.0026086604272302456
0.0021857864061937877
0.0018080196873489789
0.0014731338520819286
0.0011789100342001506
0.0009231424909852304
0.0007036439159307189
0.000518250487637849
0.0003648266503422583
0.0002412696225217629
0.00014551363098382284
0.0000755338687525258
0.00002935017596437016
5.030443840243343e-6
6.937426251765948e-7
0.000014513175177175252
0.0000447184586401022
0.00008959823735274445
0.00014750213082575692
0.0002168425212597008
0.00029609608568031525
0.00038380507833134583
0.00047857836949002745
0.0005790922473564989
0.0006840909901148778
0.0007923872156718822
0.0009028620169479934
0.0010144648909274291
0.001126213469966296
0.001237193064114969
0.001346556023430214
0.0014535209294371323
0.0015573716250502124
0.0016574560923786107
0.0017531851879230935
0.0018440312447234226
0.001929526551034655
0.0020092617151017183
0.002082883925563613
0.002150095116953857
0.002210650049672646
0.002264354313691205
0.0023110622651097783
0.002350674904530365
0.0023831377060240643
0.002408438405272488
0.002426604755244534
0.0024377022575349776
0.0024418318772415665
0.0024391277489935258
0.002429754881468271
0.0024139068674458725
0.0023918036061536083
0.002363689044347292
0.0023298289422629976
0.0022905086702537697
0.0022460310416017775
0.0021967141866687813
0.0021428894732172833
0.0020848994774029955
0.0020230960096068226
0.0019578381989428686
0.0018894906399485884
0.0018184216046355148
0.0017450013227543544
0.001669600332808024
0.001592587906030687
0.0015143305452413323
0.0014351905601769869
0.0013555247206145974
0.0012756829883019795
0.0011960073284378937
0.0011168306011698722
0.0010384755333158037
0.0009612537702629016
0.000885465007754553
0.0008113962030435805
0.0007393208646683657
0.0006694984198976941
0.0006021736586901778
0.0005375762528258445
0.00047592034869007845
0.000417404232024646
0.00036221006280621484
0.0003105036782702123
0.0002624344619666732
0.0002181352766150613
0.00017772245841674573
0.0001412958703865913
0.00010893901217930686
0.00008071918381096924
0.00005668770061190063
0.00003688015669316501
0.000021316734165453312
0.000010002555315468072
2.928074921097279e-6
6.950987218871906e-8
1.3893032583509627e-6
6.836620088621543e-6
0.000016347871819601772
0.00002984726688852214
0.000047247384475240636
0.00006844976875199516
0.00009334554092152111
0.00012181602639242647
0.0001537333944952015
0.0001889613082023784
0.00022735558138196088
0.00026876484118366895
0.00031303119323271305
0.0003599908873848296
0.000409474981879459
0.00046131000381416143
0.000515318603952793
0.0005713202039717866
0.0006291316343431742
0.0006885677611489473
0.0007494421002190186
0.000811567417083645
0.000874756311330908
0.0009388217840597367
0.0010035777872195108
0.0010688397537270324
0.0011344251073517968
0.0012001537514592898
0.0012658485358002492
0.0013313357006307174
0.0013964452975430805
0.0014610115864821182
0.0015248734085119133
0.0015878745339892577
0.001649863985886578
0.0017106963380925987
0.0017702319886011208
0.0018283374075781541
0.0018848853603742166
0.0019397551056223954
0.001992832568633349
0.002044010490365834
0.0020931885523153134
0.0021402734777240836
0.0021851791095734634
0.0022278264658726855
0.0022681437728091173
0.002306066476371644
0.0023415372331020705
0.002374505880669401
0.002404929388997958
0.0024327717927132733
0.0024580041056989047
0.002480604218583364
0.0025005567799988356
0.0025178530624727132
0.0025324908138289193
0.0025444740949889144
0.0025538131050720143
0.0025605239947013862
0.0025646286684259294
0.0025661545771693234
0.0025651345016157166
0.0025616063274372532
0.0025556128132618317
0.002547201352270155
0.0025364237282997078
0.002523335867319535
0.002507997585124005
0.002490472332076006
0.0024708269357106493
0.0024491313419892575
0.0024254583559708133
0.0023998833826438153
0.0023724841686360073
0.0023433405454927857
0.0023125341751873804
0.0022801482984970856
0.0022462674868504347
0.002210977398219786
0.002174364537603089
0.0021365160226070774
0.0020975193546125515
0.0020574621959702174
0.0020164321536434954
0.0019745165696823806
0.0019318023188801274