0.00001589598948365249
0.0018619608453890489
0.006229266170365535
0.011801697146548685
0.016972314505827663
0.020393670026120955
0.021429462473961224
0.02034720640051358
0.018182594335936872
0.016323138511779918
0.01596113387648571
0.01761797120328443
0.020923977166175965
0.02475438045547427
0.027699314363803008
0.028724547821356344
0.027801120803488736
0.02627441137161484
0.026811887354226835
0.032894474425064185
0.04796060637116009
0.07442916063679232
0.11287970805586847
0.16163763093439973
0.2169051855724332
0.27342851346927793
0.32553986615800395
0.3683088109338906
0.39850698591060224
0.41514589717776834
0.41946884153028635
0.4144293530403378
0.4038248486286269
0.39133656384531806
0.3797340573461515
0.3704363758342909
0.3635059198098936
0.35802216371302875
0.35267931162108845
0.346403183138579
0.33879838385785
0.3303072085695944
0.32206105709617144
0.3155009296785998
0.31190704617926934
0.3119923626325301
0.3156807508403244
0.32212296074567626
0.32992636809741316
0.33751274536386616
0.3434894444942872
0.3469288386990388
0.3474913127018183
0.34538210896308813
0.3411827061912915
0.33562768235009766
0.3294012332302328
0.32300657912933217
0.3167270544418778
0.3106635944251408
0.3048114504132372
0.299135123098891
0.2936131118087018
0.28824551800799975
0.2830376845963513
0.277983426100569
0.2730684092565042
0.26830026337890117
0.26375409870787275
0.2596089221685949
0.2561485267438845
0.2537115441097796
0.25259564036382426
0.25294230195313
0.2546422769949687
0.2573010460828064
0.26028748698747584
0.26286194599233
0.2643514682666725
0.26432039323669865
0.2626816719576151
0.25971026822985327
0.25595035789333465
0.25204291475490154
0.2485278078977766
0.24568494643005281
0.24346806151702408
0.2415553600291473
0.23950281997083084
0.23695094860467877
0.23381612416764272
0.23040007342313984
0.22737526720353052
0.22564253998488149
0.22609781699684514
0.22937449353128012
0.23563728777524076
0.24448936240930827
0.2550216844337215
0.26599233323096433
0.27608657410222587
0.2841870909919112
0.28958375653934887
0.2920727947773397
0.2919289670975949
0.28977057521353955
0.2863646332021899
0.2824309095398149
0.2784966465668401
0.27483242365724453
0.27147181934500103
0.2682925214377208
0.2651218084918701
0.2618282924805178
0.2583730788248546
0.25481179169212176
0.25125721831658737
0.24782444296662404
0.24458291463247683
0.2415332876835041
0.23861466740716736
0.23573526953747376
0.23281122813163105
0.22979699397771303
0.22669617949941837
0.22355099892932287
0.220417538052705
0.2173392983087274
0.2143309546377691
0.211378649250497
0.2084550931249614
0.20554084400093464
0.20264036609840894
0.19978404037455716
0.19701409624374708
0.1943605583279378
0.19181918011904286
0.18934421169437188
0.18686392393952736
0.18431765606740447
0.1817031845582711
0.17911643944730155
0.17676508420156298
0.174944113705346
0.17397365031978393
0.1741126258281257
0.17547229234252398
0.17795661205013028
0.18125090855378928
0.18486704122955785
0.1882367143527429
0.19082963191115057
0.1922649357369926
0.19238555206941357
0.1912755294805738
0.18921699370977438
0.1866008201088842
0.1838180940117063
0.18116393605013908
0.17878009878244702
0.17664976623202508
0.17464149923659367
0.17258453084191466
0.17034914504938228
0.16790601799802723
0.16534667661760008
0.16286059486082766
0.16067840481888515
0.15900081653314704
0.15793616975666466
0.15746548467498064
0.15744423223726065
0.15763825994675523
0.15778126127936004
0.15763587836246737
0.1570412151139368
0.15593541598624966
0.15435064120083658
0.1523861850356831
0.1501709911111402
0.14782802108581405
0.14545002609708635
0.14309080441228153
0.1407702276902897
0.1384872272294885
0.13623371321200267
0.13400401600334444
0.13179780002059932
0.12961789248233743
0.12746662552396118
0.12534435488594603
0.1232519881703647
0.12119663009251164
0.11919717311519279
0.11728593636306638
0.11550369386973829
0.11388818014038711
0.1124592827470367
0.11120627640409546
0.11008260382716735
0.10901161072867463
0.10790293617161541
0.10667526667624144
0.10527840015527837
0.10370717203891872
0.10200208131430538
0.10023574999640875
0.09848921570331658
0.09682577940351333
0.09527133156841511
0.09380822390323436
0.09238536177237522
0.09094168837770127
0.08943546773077064
0.08786939796193774
0.08630247495341846
0.08484347128889212
0.08362666425206206
0.08277618569826466
0.08236921591964987
0.08240895022508812
0.08281559310842367
0.08343842610083615
0.08408589183759682
0.08456553078231335
0.0847230316251101
0.08447030864927135
0.08379606931802126
0.08275757298715324
0.08145754041282724
0.0800138796088065
0.0785310552592944
0.07708041205689413
0.07569327170323412
0.07436641564482492
0.07307600546029394
0.07179410728969472
0.07050216593354384
0.06919770541623112
0.06789337130853793
0.0666101315668445
0.06536814080584989
0.06417901594590976
0.06304218032054337
0.06194606571515101
0.06087307836338169
0.059806010852740656
0.05873337577130652
0.05765189533715586
0.056565701271340224
0.05548311275611978
0.05441266306153675
0.053360081826703855
0.052327279515203676
0.05131336377744977
0.050316801252926285
0.04933740570896364
0.04837704277919045
0.04743867233503849
0.046524260979569965
0.045632773947350457
0.04475958065611269
0.04389809414311469
0.04304349423548434
0.04219734239009296
0.04137122111751065
0.0405875418752618
0.03987643094225675
0.039268902444388964
0.03878792106392557
0.038439938044449284
0.03820966445147248
0.03806010031600779
0.03793836109126529
0.03778608972746278
0.03755178164345238
0.037201669300597436
0.03672615456006434
0.0361400507733036
0.03547670852022325
0.03477787982994758
0.03408236832299919
0.03341675327237315
0.03279070929685872
0.03219793633398853
0.03162196029795593
0.031044619452520513
0.03045435304770325
0.02985164120599636
0.0292499899205063
0.0286723428106256
0.02814424168886948
0.02768600294735765
0.027306361158494264
0.026999446713216718
0.02674584555129847
0.026517222658516706
0.02628298108125974
0.026016965724579788
0.025702399845193718
0.02533394480536348
0.02491672870585908
0.024463072941927833
0.02398819131972459
0.02350621668520336
0.023027563415015637
0.022558033610831536
0.022099454622017307
0.021651204314455007
0.021211852870726182
0.020780317833753066
0.0203562800098684
0.019939978225855397
0.01953174298377817
0.019131664758382606
0.018739636437068413
0.018355753319622272
0.017980824298566192
0.017616650551932886
0.01726580681177577
0.016930880299439094
0.016613387237754643
0.016312779130029903
0.01602598120106168
0.015747748907458066
0.015471836791054175
0.015192656081260835
0.014906878104528226
0.014614412003515827
0.01431837056131254
0.014023979769222516
0.013736767411453474
0.013460645373640629
0.013196572632555378
0.012942314943791083
0.01269345313211993
0.012445355105027294
0.012195467341930968
0.011945127382974971
0.011700210291713708
0.011470270546095418
0.011266316972764041
0.011097808196969275
0.010969732261649654
0.010880644762370448
0.010822278961416108
0.01078089000955834
0.010739994718333108
0.010683772980502588
0.010600225430427757
0.010483279843902227
0.01033336669369677
0.010156433512321901
0.009961797544417903
0.00975951962270968
0.009558045101352797
0.009362698675222771
0.00917530601390168
0.008994855692651021
0.008818823810514563
0.008644642940217724
0.008470833399988045
0.008297496222931787
0.008126118669099106
0.00795887535315836
0.007797748029671372
0.007643800490095883
0.007496843640699913
0.007355558586116126
0.007217977926646213
0.007082115280175614
0.006946511194253864
0.006810526318995536
0.006674326579333962
0.006538622311042695
0.006404300559466961
0.006272103531305551
0.006142459663382008
0.0060154928131863124
0.005891156260498584
0.005769393627394522
0.005650233752190901
0.005533774507617769
0.00542007720604074
0.005309047234350742
0.005200392759395661
0.005093723166024775
0.004988783859772604
0.0048857512359949205
0.004785462756249253
0.004689455862877907
0.004599741650233005
0.004518329524608927
0.0044466161736043675
0.0043848198023413885
0.00433165105519689
0.0042843567447727006
0.0042391659643215805
0.004192043691934119
0.004139555657200767
0.004079604762258929
0.004011830037726546
0.0039375559546768095
0.0038593129272112467
0.0037800769083047208
0.003702456772145776
0.003628067424429223
0.0035572622598117427
0.0034892822834773902
0.0034227487340458248
0.003356322822500997
0.003289311835270974
0.003222027215489569
0.003155786329324133
0.0030925659355862923
0.0030344240990178737
0.00298287476991573
0.0029384065425270196
0.002900285224442798
0.002866688353907943
0.00283511944707645
0.0028029720035086013
0.002768080264812188
0.0027291118367533973
0.0026857164610943397
0.002638423432274715
0.0025883515093615074
0.0025368385845751596
0.0024851038657768437
0.0024340261535688293
0.002384071925524239
0.0023353552992890804
0.0022877755219531926
0.0022411659899767428
0.0021954017180552997
0.002150440920156308
0.0021063078496892642
0.0020630460613116127
0.002020676858787042
0.0019791871930688204
0.0019385513314394854
0.0018987710056850707
0.0018599081928619805
0.0018220874274459233
0.0017854588923390305
0.0017501328405709199
0.0017161114786791577
0.001683249216635615
0.0016512635835693012
0.001619800114953796
0.0015885325283938147
0.001557263408614906
0.0015259872864405988
0.001494889510063076
0.0014642770262904363
0.0014344629686116326
0.001405646103164747
0.0013778310944805282
0.0013508235804864373
0.0013243086681821905
0.0012979911983682349
0.0012717516202876988
0.0012457615823755549
0.001220512542026118
0.0011967365459847527
0.0011752327602603853
0.0011566451217781245
0.001141255046009735
0.0011288520402711688
0.0011187242732814
0.0011097769565465913
0.0011007494268656368
0.00109047353394431
0.0010781049141246203
0.0010632679897306311
0.0010460817069355992
0.0010270676223489885
0.001006974220519892
0.000986571762748001
0.0009664751597847418
0.0009470385753213422
0.0009283401618008932
0.0009102471211972634
0.0008925290101602788
0.0008749771226450574
0.0008574917668828333
0.0008401145831943788
0.0008230036648879848
0.0008063680038996147
0.0007903888779846897
0.0007751565219230475
0.0007606417630490697
0.0007467082240846596
0.0007331565345786748
0.000719782500040264
0.000706428979999393
0.0006930161484184887
0.0006795442420081833
0.0006660729751835728
0.0006526888904174032