1.0034174077190299
1.001932225040066
0.9989697155842614
0.994545525077467
0.9886829576096465
0.9814127801799875
0.9727729653048077
0.9628083743936774
0.9515703852141285
0.9391164673404068
0.925509710010379
0.9108183072905178
0.8951150058666147
0.8784765211326138
0.8609829275379204
0.8427170293716787
0.8237637183086475
0.8042093241143191
0.7841409649064468
0.76364590329693
0.7428109145935422
0.7217216730277911
0.7004621616965366
0.6791141115649518
0.6577564744818827
0.6364649347109821
0.6153114629884366
0.5943639165869783
0.5736856883033685
0.5533354067004259
0.5333666893263427
0.5138279500351984
0.49476226089565617
0.476207268588111
0.4581951645823537
0.44075270781657805
0.42390129804930193
0.40765709754000035
0.39203119823692445
0.37702983121686323
0.3626546147357728
0.34890283691504687
0.3357677688086503
0.32323900337363975
0.3113028157021915
0.29994253976784874
0.2891389568922023
0.27887069114982843
0.26911460699747014
0.2598462045359624
0.25104000798741766
0.24266994319223525
0.23470970019666626
0.2271330773074701
0.2199143033308716
0.21302833508339428
0.20645112765684018
0.2001598753331639
0.19413322147157824
0.18835143612430777
0.18279656057334986
0.17745251841293788
0.17230519322588247
0.16734247331154392
0.16255426431419792
0.15793247096865842
0.15347094952131152
0.14916543269573923
0.14501342934991004
0.14101410121401414
0.13716811930251435
0.13347750275946152
0.12994544302173194
0.12657611627027346
0.1233744871848756
0.12034610702412568
0.11749690902024143
0.11483300401000848
0.11236047912013448
0.11008520219039794
0.10801263445361034
0.10614765380099578
0.104494390747855
0.10305607898128143
0.10183492212247006
0.10083197807461373
0.10004706205717874
0.09947866915217443
0.09912391691151522
0.09897850830022471
0.09903671498143414
0.09929138068906435
0.09973394418572668
0.10035448106872642
0.10114176347581001
0.10208333652394767
0.10316561017793129
0.1043739650399628
0.10569287046080884
0.10710601324591662
0.10859643515370937
0.11014667732561308
0.11173892975552595
0.11335518389837221
0.1149773865343399
0.1165875930434724
0.11816811830565006
0.11970168352197852
0.12117155735041472
0.12256168986479517
0.12385683797466387
0.12504268108503275
0.12610592592670425
0.12703439964719862
0.12781713041737344
0.12844441497726325
0.12890787271431303
0.12920048603590353
0.12931662696382093
0.1292520700391993
0.12900399178064878
0.12857095708414992
0.12795289308935628
0.12715105116189962
0.12616795775403983
0.12500735500560053
0.12367413203288148
0.122174247924612
0.1205146475206778
0.1187031710912062
0.11674845906067835
0.11465985293430582
0.11244729358237772
0.11012121802322347
0.10769245581757289
0.10517212614727185
0.10257153660050816
0.09990208462496616
0.09717516254082488
0.09440206692843137
0.0915939131220922
0.0887615554534481
0.08591551379210387
0.08306590684924467
0.08022239258876447
0.07739411602635626
0.0745896645770316
0.07181703103192741
0.06908358415266329
0.06639604678727656
0.06376048133219665
0.061182282291020476
0.05866617561366959
0.056216224439357185
0.053835840814103024
0.051527802908592296
0.04929427722518482
0.047136845253909355
0.04505653401631185
0.04305384992292376
0.04112881536466833
0.03928100746040598
0.037509598391652625
0.03581339677082279
0.03419088951062432
0.032640283688896085
0.031159547934608497
0.029746452896294403
0.028398610393168648
0.027113510890949814
0.02588855898822405
0.02472110664441693
0.023608483926396882
0.022548027096783562
0.021537103912571215